SHH_beta	Group4_gamma	SHH_delta	Group3_beta	SHH_alpha	WNT_beta	SHH_gamma	Group3_gamma	Group4_beta	Group3_alpha	Group4_alpha	WNT_alpha
Fam174b	6.94852712583	8.62450912305	6.96646865341	8.45606852697	6.79649237455	8.95947243819	6.80726150677	8.5715858672	7.48059378656	8.56206844691	7.82703995166	9.35408617808
Irx6	5.34410576357	6.13687334812	5.3291362668	6.26419475235	5.26539670058	6.03571914152	5.32259595081	6.55000026835	5.50196732159	8.67651857097	5.66196990861	6.52532721418
Nudt14	5.8659745814	5.42998975536	5.9689518833	5.30341584251	5.72609363094	5.44563517538	5.79355334496	5.3325469536	5.41756646052	5.33883309672	5.4165061088	5.26083104773
Zfp385a	6.43194679623	7.93261610439	6.40501858621	7.14815754595	6.35218919749	7.2598965591	6.68788262534	7.31342128473	7.26992293178	8.54702008288	7.39171963924	7.27857567414
Matk	5.33635018523	5.6175128045	5.37735798546	5.5532349237	5.34392172177	5.400147414	5.43535845126	6.33207361532	5.50264422827	6.3693567356	5.43837039286	5.42068910129
Ppp2r2b	6.05415526931	7.89073921194	5.86677834692	9.25725712246	5.69165069248	6.73935906443	6.80480365857	9.24792636113	7.33477402923	9.61130409299	7.17076735714	6.9201818129
Dusp2	5.17188509737	5.38703656755	5.12724214472	5.42214857819	5.17241880354	5.38630839648	5.16600469915	5.51583878205	5.26112773134	5.81076497745	5.23816942921	5.28473580647
Maoa	5.70062330223	6.6964847045	5.37010176158	7.14045392692	5.96869319	5.61824165886	5.86377975034	7.05742524105	6.22274362721	7.751161802	7.26305131111	6.3175230969
Sst	4.51889422683	6.33995529436	4.80322257653	5.58485492708	4.50345767649	4.72587001329	4.48105651264	5.55332437292	5.05498150071	7.65025484845	5.11765262992	6.13595728418
Tdrd9	4.05838269851	6.34077765178	4.19213050387	6.09289651124	4.14156845334	4.80816777652	4.31105251826	5.81669801177	5.1764019793	8.49632226949	4.95396530436	4.59918348131
Gsg1	3.74588664951	5.05099089312	3.85478066184	6.63814692086	3.76129067365	4.16282848333	3.71404245398	6.92605498673	4.15918853514	7.12868848421	4.16478131144	4.40338536476
Aanat	5.01938814423	5.36237252776	5.07871697213	5.58417962797	5.0596765782	5.25806635929	5.0602534614	5.68530111748	5.0416071156	6.27398069927	5.17851182086	5.41088595804
Rxrg	5.12293756194	7.77979467181	5.05826831388	7.30022000046	5.20709982518	6.61259018586	5.11954368321	8.05737378578	6.95178266061	8.42299858609	6.47789761592	6.09518519202
Abca4	4.68240508957	7.21810489186	4.58055610247	6.63648069443	4.5634229902	6.88087646424	4.74353782145	6.21708435032	5.81350968324	9.4924473519	5.76473106888	6.89360214055
Gngt1	2.74877967517	3.59880857046	2.81376447426	4.31427309751	2.77692747878	3.24080061629	2.72984891206	4.12999525418	2.95073288514	5.44900195936	2.90312675549	2.98530014092
Slc1a7	4.53812891163	8.12152757505	4.54048787997	7.73507078549	4.59990262305	6.69833340767	4.58298417249	9.46813148447	6.02995136229	10.1609469368	5.95795217359	6.16922074731
Tulp1	4.97005143409	6.25280399039	5.13592692757	6.42021424881	5.06390501951	6.24708588852	5.07771359906	7.50227431312	5.35800231884	8.71779138509	5.61315030204	6.11716286686
Crx	4.84403957874	6.93312452777	4.91292451164	6.24192729186	4.90813394928	5.5129552079	4.79385039213	7.61661346657	6.00663073914	8.50932641555	5.71041994823	5.45843418724
Aipl1	5.5338058584	7.13512920742	5.55592832036	7.11573418414	5.54183445755	6.06858384233	5.51640248972	7.44603477852	5.83652356506	9.75342693836	5.83677907477	6.15898223504
Nrl	6.04623968	8.13393707287	6.18620401258	8.5473702023	6.09793379357	6.96597865376	6.2334341436	8.56984758867	6.86166720823	10.5894606167	6.71988560286	6.90635908455
Ttr	4.7837795058	7.77242119571	4.77569867401	8.78985129457	4.78380517771	6.08503759271	5.01369507617	9.3590256239	7.1119052475	10.355182141	8.08034076141	5.72709173057
Vtn	4.82889308214	6.94691581429	4.98487447666	6.57734711586	4.69701927375	5.40501568033	5.00469374543	6.37973227127	5.92151921072	8.00020401331	5.78777317917	5.25876402496
Gnb3	7.71331908874	10.2105118762	7.26119141239	9.98365774143	7.35271470486	9.54543119943	8.02000739957	10.7300988218	8.77112152776	11.8676490037	9.16786198909	9.90633357306
Foxg1	4.84477042757	8.3528612965	5.47430457049	9.40415274692	5.79286692891	5.09519349795	5.02865922666	9.44146932945	8.14082337806	8.3729653119	8.4527959196	4.83661096571
Prdx1	10.1687347827	10.5631545627	9.82889930564	11.1214393535	10.1133382651	10.6940836058	9.92212255987	10.8858141733	9.92193405473	11.2419214267	10.2159849377	11.0089840582
Tac1	4.21593855589	4.76110709564	3.58511070526	6.35541681727	3.70718850509	3.835591329	3.62907317457	5.4750387256	4.97794879193	6.02237283225	5.52324986652	4.04472699547
Sag	4.04653461383	5.15437882495	4.1665792617	5.35709712784	4.07442952315	4.21662374829	4.05788836549	5.47309632257	4.57804010837	7.68069063976	4.31553767038	4.14909838259
Samd7	3.9365758676	5.09645819103	3.96147150788	4.79344174308	3.9372245372	3.92570930305	3.94568464662	4.52951774615	4.31860408517	7.33284957209	4.14069714997	3.84757597112
Cacna1f	4.64549697446	7.73780505978	4.73341305038	6.99640123641	4.70735087683	7.84431133567	4.79245411143	7.33455883747	7.32526280094	8.42740156212	6.69622552561	7.86300112043
Prph2	5.14750888489	7.31651490816	4.80883326361	6.51219448146	4.83663005377	5.39982934019	5.21021552362	6.49385385393	7.61724836986	8.90338777745	5.68199906736	4.75348852506
Rbp3	3.93690539777	5.06270909871	3.97002852908	5.14101800219	3.92550028308	4.42515581695	4.01895104077	5.02124297942	4.23603696239	6.38853290245	4.03512418888	3.95968000686
Cnga1	3.71701289769	4.52794974553	3.8589638292	4.58519798316	3.82422521182	3.919843143	3.76969827953	4.4698875225	3.9257500105	6.03621679478	3.92712894513	3.89696968571
Pde6g	4.85786087494	6.19363856753	4.84390171267	5.79284570962	4.77756082352	4.69091588814	4.81985658681	5.92309305648	5.33574371877	8.24221402209	5.26490157556	4.68259804408
Nr2e3	4.91146775351	6.06336829282	5.1397571957	5.96825049151	4.94174367142	5.17823569643	4.93501644206	5.71574231197	5.21564080124	7.93042714434	5.13345765707	4.99574695488
Cabp5	4.59818433903	6.84612561013	4.66880642021	6.43607497332	4.71029291483	5.61002770962	4.68912040713	6.2856244814	5.30607681783	8.82914857981	5.19300337703	6.32189469976
Rcvrn	5.36048011146	8.42074540482	5.40111602133	7.56260434651	5.29187266337	6.31230021305	5.72031909934	7.5657674392	6.05825592273	10.4373124942	6.22980922477	5.69929371796
Robo4	6.20606108617	6.49692518521	6.06332654016	6.38067930876	6.31411205838	6.56245866338	6.1671694864	6.66145842192	6.33031691277	6.82830162158	6.218482864	6.56597967196
Tdrd7	5.45491590369	6.67080029789	5.77888809709	6.5300303633	5.55435007735	6.30720359876	6.08295016898	6.28808721862	6.28159468641	7.70139214934	6.10095032947	6.51774311988
Pla2g4c	4.54606272491	6.07787201931	4.4467111	5.65767093678	4.51331913231	4.92596867438	5.29564362953	5.77776010118	4.99697423488	7.18103576946	5.21938861845	5.17942084565
Casz1	5.46889138066	7.31788487451	5.97035159458	7.25690817273	6.22427646828	7.07392225805	5.50460695515	7.88598029095	5.78917652857	8.23979516867	5.69143500343	7.45296845669
Rs1	3.80671600183	4.23503473892	3.97289758142	4.36900068614	3.91561726783	3.98243745667	3.87712104226	4.52662117728	3.99686889021	5.64751206139	3.97774720312	3.93570004657
Cpne6	5.42404983443	7.11725365245	5.36133937359	7.08335606838	5.24461123937	7.980719971	5.92518839355	7.3501886746	6.11013832895	9.24212535812	6.17372762832	8.27974960724
Frmpd2	4.99044968889	6.06226483287	5.00890154504	6.49399784678	5.04559256458	6.19176032929	5.15753858532	7.30230017137	5.56782923164	6.98741720113	5.52855556159	6.68688454494
Gng13	5.87839410431	6.70542911878	5.98775884499	6.57918746043	5.92214038094	6.35911253676	6.10989020634	6.41691940865	6.19876685656	7.26768813176	6.1276223932	6.32096918288
Nxph4	6.51321892943	7.05570494279	5.84869602374	8.84004754557	6.2892616772	6.25481821414	6.56149641632	8.92329350772	6.37536799517	8.30609236457	7.33029199668	5.65262526849
Impdh1	6.34065030757	7.32470428826	6.75968597863	7.36504713697	6.90338945892	7.38854797652	6.95073021877	7.45113692472	7.37546278479	7.21826688736	7.42359893132	7.62788357786
Tfap2d	3.4211497778	9.33868720669	3.44554441454	6.19696607278	3.47599511112	5.22964980086	3.46364785785	5.17877488933	4.87044956144	4.40584351366	5.53681984082	6.48997500212
Gjd2	6.82796328446	8.35104831087	7.01104877546	7.82616078057	7.04617943722	9.23585980138	7.1091104817	7.6023025756	6.92875659304	7.95177960778	7.36374620403	9.43322404149
Kif12	5.75040955946	7.15358680512	5.23867011754	5.86159594073	5.21231859452	5.44018931071	5.49098603445	6.03464455355	5.37786025904	6.15880650906	5.64748528176	5.5408458168
Nhlh2	9.57809614954	9.09805101055	5.65312954524	6.94070638135	7.42262751017	5.95037571143	8.00960371687	7.5641584678	5.69643369985	6.15832397301	7.90004252138	5.71185016684
Galnt14	7.12122439337	7.24503818079	6.06662769093	8.66780903573	6.03896875871	9.27068565438	5.96937799621	8.20059532895	5.47492744838	8.82052336079	6.16010745438	10.2838695433
Gpx3	7.28455795514	6.99555606171	7.11429967796	7.18047286946	7.32267136928	6.710478051	8.0862701486	8.24838888732	7.07254153061	7.95251256813	7.11333972193	6.66098333131
Samd11	5.74851400717	5.60777602949	6.26897281668	6.13047137073	5.91987287632	5.72071718052	5.61583775345	6.6062593585	5.44036205954	6.73179449873	5.44184532606	5.4982195418
Robo3	6.43489308811	6.4489945063	6.19200154743	8.42682441784	6.51531371115	6.60392459848	5.85796732974	8.89211646202	7.21013296508	7.71670273512	6.18828528947	6.77678043671
Trim58	5.77045810189	6.61954331892	5.69293649871	7.88556675116	5.75745711455	5.80523111262	5.75237484849	8.53731281955	6.29863173993	8.44677284151	7.03165237485	5.78783560376
Dmbx1	5.97154749926	6.10527414113	6.01550188884	6.29373662368	5.95973321606	6.28769768386	5.96708174974	7.294172713	6.05460685432	7.27802667237	6.05592577286	6.41637705153
Plxdc1	7.81378047603	8.92972657795	7.32156608028	8.94165237019	7.70463170506	10.339512884	7.77139329519	9.19147820325	8.10354268489	10.1797952623	8.41773714671	11.3132208127
Sema3f	6.35955776549	6.39051709061	5.88975375424	6.60417141573	6.21663323297	6.64673574743	5.91669688826	7.16462140115	6.28251763246	7.93879539667	6.18634613596	6.91884716504
Lypd2	5.45976784403	5.61124849435	5.53458783875	5.58443049124	5.46432363298	5.53519603695	5.43077674732	6.20531982545	5.56359950511	6.06804881431	5.5028930798	5.48608912922
Lrit2	3.9990954652	4.49198617929	4.11024065311	4.60109346611	4.05478823398	4.66023921533	4.03629477998	4.55839307493	4.20870202874	5.04236011834	4.14037007594	4.53157999859
Rd3	4.58733760589	6.10575665838	4.36587678136	6.90329441046	4.44070655326	6.43192413957	4.34545306883	7.63975380655	4.70520322205	9.01846646373	4.79557087012	6.93267515718
Tgfb1	6.20784386074	6.5267095034	5.81782123078	7.11298583192	6.16862770314	6.59790077157	6.30734642545	7.06475606753	6.37743444863	7.6271892783	6.70463464956	6.70731258051
Grik1	5.69219888309	8.99564246851	5.69809270042	7.54089462535	5.38715370346	9.23028577471	6.25784443091	7.29358538827	6.41889516019	9.71359907167	7.39816864961	10.2434614408
Abcg4	6.26500860117	7.23092444673	5.82561566443	7.30031485884	5.79177801714	6.8275382679	6.99353819353	7.6814150164	6.95145306781	8.83612168534	6.81462903203	6.97816092424
Tmem176a	7.09450911697	7.82545937224	8.50921891639	7.75341373676	7.57316638726	8.44256912381	7.14218841015	7.90328903912	6.99898420308	9.27684995184	7.23101671369	8.46485964759
Epha2	5.45627814854	5.9090676615	5.60638591975	6.37952316551	5.58100705195	6.8766730789	5.49116037757	6.8317166628	5.42713425328	7.67899074748	5.71768010438	7.5584772342
Baiap2l1	4.98826806049	6.72009960778	5.35700245232	6.28836417927	5.85011703912	6.83361135514	5.13862999547	6.84827972505	6.21077220119	7.10406911252	6.32410196441	6.99047772022
Pck2	6.26409479983	6.0463250115	6.25699393816	7.42269223311	6.47482315172	7.370752883	6.33871657877	7.711408081	5.46656717443	8.23271138975	5.54456119394	7.49560553104
Dand5	4.64083751334	4.95638675925	5.10456263388	5.98417959724	4.81673466831	5.27021301881	4.6135607744	6.3350396897	4.77544646755	5.90414271921	4.8873801568	5.23939410016
Pyy	5.54885795891	5.98290472602	5.63503212254	6.97314754492	5.42406685222	5.89982032152	5.46720733966	6.99975509443	5.6416629409	8.00159952888	5.74412352034	5.83970408382
Hk2	7.49411029843	8.74217060157	7.66442906767	9.19916205949	7.76155563235	10.0589023561	7.8441643007	9.58967475848	6.92834259389	10.1957056258	7.97149677543	10.8168082486
Eml1	7.25870244334	6.48537426224	7.32874376272	7.74926300543	7.41503382157	6.36833272757	7.10762529089	8.47593879563	5.56151547517	8.95819142394	6.50172369463	5.80475731024
Prom1	6.7862505344	6.23179625788	6.35561493303	7.74879512208	6.60894222994	6.91501275662	6.47000853919	9.01806573892	5.44967499061	7.67233034218	5.6319290074	6.41424995686
Etnk2	5.20515859563	6.31689449032	5.37774337225	7.03371953259	5.23737546105	5.27273174852	5.21065929285	6.21105322712	5.79607370694	7.44609060366	6.19185606765	5.04937277735
Sorbs2	7.39453314494	8.63539472563	6.37977115451	9.12098538454	6.80821760348	5.66481866367	7.83001178079	9.69919095812	8.25958455694	9.35337010539	8.59695930759	5.53698341765
Lhx8	9.1859100454	4.94812125034	5.49740336787	5.53880392984	6.14118624151	7.97794785024	7.06068963323	6.8353351911	5.61950913398	5.8075223181	5.67138726876	9.24794529004
Zfpm2	9.55716032946	9.86951837102	8.54981148249	11.7708771227	9.21260711188	10.6735718765	10.5733274724	11.8065980848	7.56038851289	10.3273511961	8.51851563708	11.5980894268
Slc6a8	6.21622934386	7.97215904887	6.13678280796	7.05322012962	6.63564003382	7.51016187671	6.37966930434	6.97041370098	7.26985435669	7.96060063164	7.45215937676	7.48242922945
Gadd45g	6.67809159977	8.33181932339	6.31459252918	8.01462544662	6.79955895448	7.32582969457	6.44594676387	7.62000347218	8.20117011993	8.1180713409	8.37930956443	7.12676948398
Lhx4	7.4727580638	9.92582457329	7.37983119003	9.3989510813	7.34505295795	5.41693171143	6.09280893083	8.31478806792	9.04038544966	9.57092038084	8.15398095816	5.06055179647
Cacna1g	5.80541225626	8.81740682382	5.33350723457	8.82694009486	5.3779355218	7.73601431638	5.9290200604	9.55833451123	7.63875027148	10.1292578336	8.11240625501	7.96014818039
Zdhhc22	7.54436391466	9.33443475714	7.25661036438	9.77836640519	7.27259730565	9.07448221538	7.40178655002	9.38406755515	9.89344964994	8.89209466467	9.1132733306	8.63059445731
Slc22a23	6.19202372074	8.1575201439	5.80110767879	8.09618333432	6.07096434	6.54749014071	6.30467045696	7.93522970338	7.69641320272	8.19888306313	7.89802227127	5.8661737719
Col27a1	6.35715740146	9.27971649259	6.11783396799	7.89391189768	6.07741059118	7.04261417667	7.19260129121	7.9709045482	8.27419194682	9.56111282739	7.83339532622	6.88338244557
Igsf21	8.09224456346	11.2234912386	8.05776559378	10.3349731992	7.04825427442	10.4366743811	8.94922746243	9.53973778402	11.1447365754	10.5943338291	10.8212745484	10.8017838941
Sgk1	7.02625543409	9.42560836474	5.90362255208	9.26840050559	6.32579825371	6.22697686533	7.52105237036	9.0952793102	9.69152336433	9.06646617296	8.89544371522	6.27864857769
Prl	6.9790003306	10.2478706878	6.03390849237	9.15663982354	6.18108829322	6.33807688005	6.13773263836	8.4473913922	10.0720122219	10.6154365881	9.58155640492	6.89623573408
Sytl4	5.53009167554	6.57309820477	6.36762386841	6.219834165	6.32123723118	5.61907843681	5.77316817628	6.18958554895	6.58406074645	8.34003801364	6.837016248	5.09462224804
Mmd	7.71996154937	9.27825271308	6.96081357143	9.44962703132	7.5661239752	8.39851005071	6.99477855157	9.28009008155	9.1505746355	9.56943595378	9.18520851958	8.62097100047
Mmd2	5.64655875243	7.95316103218	5.07011058704	7.20610910797	5.17384883165	7.02048680324	5.90931096079	7.25987782313	8.72288652507	7.54576081961	7.47520443481	6.79772256829
Kcnn1	5.34826137171	7.14318708636	5.71985881633	6.70236816676	5.57961459995	5.68023602557	5.95364459683	6.85316520652	7.17787182224	6.9432972589	7.05715319617	5.58128988506
Lemd1	4.76843847509	9.84581906834	4.88522694076	9.45796519781	5.30680835051	5.80598235362	4.93976291634	8.90522089123	9.62554521361	9.8284463403	9.27945944856	5.43411764416
Kcna5	3.82963340231	9.60531830828	3.91430739805	7.55073655154	3.97312071325	5.98694012652	3.94559576613	6.86400168882	8.14500031584	8.1943944456	8.47997460045	5.84062909153
Lrrc38	5.15750521754	9.08403350773	5.01463150461	7.27820703249	4.95304581994	6.28108320281	5.24437848481	6.47801209652	8.58768148229	7.29936447463	7.82782941758	6.00944509671
Neurog1	5.35719266457	10.0176553674	5.05638953947	10.0502872851	5.38907743602	9.93690479157	5.29544516004	9.23000694105	10.378254156	9.15972281212	10.2000463358	10.0935365267
Tigar	6.15424922557	8.72871204073	5.33744298501	8.01740778795	5.85261661992	7.37892139057	5.71803947183	8.33437682392	10.0051316326	8.95348028906	8.3159098824	7.40375002796
Six6	5.59559866074	8.69095896135	5.75483964567	6.12500128457	5.51734598245	5.80236449286	5.47231485398	6.50796426257	6.97604149994	7.05218397473	7.60116942555	5.5897306622
Fam89a	5.82933289249	7.4423936524	5.92930862832	6.47307318957	5.98194288698	7.30786265771	5.9264855564	7.08201871985	6.75709697139	7.23410063588	6.56191190944	7.27311088916
Sycp1	2.70147608149	5.69896430755	2.76828689086	3.45744142081	2.71492945671	2.67272823248	2.72824631781	3.18859486185	3.99768351775	3.83492366306	4.20358193108	2.64896395657
Slc6a9	6.40587181477	8.15494563545	8.35854698107	7.94165776889	7.54171779383	7.11268742152	7.03118262368	7.07565037895	7.61159655218	8.15019364339	7.85813916945	7.09792655667
Gramd1b	8.13954585457	10.9755939894	7.71152855992	10.282085629	7.15720676355	9.95265775757	9.32686099345	10.4750324127	9.92332593756	11.1278436541	9.89546243805	10.2819147284
Dab1	5.59247748306	6.5489907625	5.70251573134	7.24354138154	5.43380368834	6.97395950224	5.80492513366	6.65901968625	6.22403199219	7.24811844145	6.35855503722	7.31754296276
Ldlrad4	7.25515981511	8.17251762892	5.72484838088	8.38399734578	6.13284595158	6.18204337157	7.23024625383	8.36341267682	7.07729557606	8.23740470436	7.24568652242	6.14034795469
B4galt6	7.09191485886	8.66049603424	6.83792593412	8.99666539108	7.03535029726	7.30822136905	7.90034827381	8.2943026816	9.49453443712	9.00000141578	9.23031412141	7.73852927584
Cox20	8.08564400971	9.16655875968	8.19166528145	8.97701677292	7.99080225874	8.27392085833	8.27713626798	8.56351603557	9.24912023117	9.01953530384	8.95542122488	8.26023718853
Rgn	5.91232100649	7.77129043292	5.93301905568	6.71472234351	6.0878611516	8.26216138967	6.7989190876	6.24876244388	7.77781085862	6.4157955561	7.38399444011	8.03918310237
Plxna4	6.62875064077	8.42903997776	6.3302793313	7.49927516838	6.24019922457	8.6714445571	7.02708885913	7.90731401822	7.01469736094	8.96700047982	7.45376159684	8.29729879916
Apcdd1	8.36598215531	9.63585390835	8.0912750827	8.37066691759	8.0969212112	10.8042184923	8.10415088751	8.08306804747	8.5501792146	8.59691323887	9.22488681058	11.2168812798
Cxxc4	5.31976092309	8.91455224213	5.72651218018	8.05120128654	5.84318433863	7.15400262138	5.13828065877	8.08329605777	8.41581234056	8.1550733947	7.99251079661	7.27583381724
Dapk1	8.32700978589	9.73924867697	7.187149927	9.27041140897	7.5895635056	8.88333483471	7.50124027696	9.2838938658	9.54917770021	9.19766028764	9.60272967445	9.09344493267
Slc6a3	7.85965513991	9.41694827447	6.46383853887	7.83604207435	6.59521613062	6.43723875267	6.13234169813	6.37562681078	10.3523927504	8.79829638303	9.61673037305	6.63994262147
Tgfb3	7.75937962863	9.00333262396	6.43705498984	8.82141563149	6.46519726845	7.91625281257	7.23839246391	8.43268711737	8.43015153763	9.0044309503	8.33997071109	8.08387236759
Esrrg	7.90031473874	9.69329655061	6.06869542775	7.99141708332	6.68390772274	7.21700359886	6.92404009102	8.47881273912	10.0513437386	9.6527876181	9.7021863606	8.80682934724
Vash2	7.67023250643	9.00787705013	6.21877977529	8.18761522005	6.62862585649	7.80433945514	6.95596270594	8.25479694345	9.1154944879	8.32254561891	8.97515169511	7.5962549179
Draxin	8.4134554684	10.5057930371	7.57856227554	9.61050879219	7.33321112448	9.59746422919	7.45243094764	9.4690009868	10.3463403256	9.98492910612	10.9973666302	9.56890908969
Myt1	8.40333440509	9.65632728612	7.44216559921	9.08331400592	7.27413983642	7.45784850595	8.81156086057	9.40238787435	9.8563009165	9.04790398412	9.76181158678	7.3787534822
Chga	7.73415388751	8.01447399828	7.73065446587	8.49626279816	7.27260445769	7.39705952633	7.8794011293	8.36419533637	8.28762625131	7.93272702075	7.98580382462	7.74461681533
Gtf2ird1	8.45666169406	9.81734636815	8.28648444939	9.33625132257	8.50204177535	9.23247439833	7.92678465296	9.40604536428	9.23013580992	9.82326459097	9.49709479291	9.11039894365
Gpc2	7.65776603703	7.97791081613	7.21262493171	7.39703159327	7.18032285563	7.30091333667	6.80999999717	7.4762275777	7.5555116242	7.36659910731	8.1938788149	7.34190036545
Scrt2	6.16547768514	6.42484140489	5.38429008921	6.32544632724	5.35729674186	5.18454913867	5.67606364572	6.07821969715	6.23714537325	5.83358595927	6.42921937292	5.0913819982
Tph1	4.8988048276	7.82155264205	4.93344879845	7.10331740843	4.87082307957	8.74415828024	4.81727228217	8.07200413277	6.31451526611	7.89747153843	6.41692864165	10.0180354438
Fmn2	7.75502608757	9.31556371603	7.38743865197	7.82993594895	7.36122929142	8.11788724852	7.88927886368	7.81303876275	8.8262267645	8.60483634109	8.56076051439	8.40946864961
Celf3	9.61880050577	10.5004015413	9.41045483842	10.0427914778	9.14354506052	9.18481560076	9.70369790098	9.8544996763	10.0191787561	10.2598856876	10.3751002073	9.26285105714
Bhlhe22	8.41324297737	9.14795839093	7.98332392387	8.48157227446	7.80882406543	7.1367986701	7.88957624021	7.233708313	7.61388529508	8.41467080437	8.87385506495	7.42938170757
Neurod2	6.82086269769	8.46093943665	6.32162316101	7.52375309819	6.32623467429	6.76969452686	7.01198775962	7.36117918505	8.37698947132	6.76252461043	8.11835102271	6.76181212686
Cxxc5	10.0161790739	10.7868561401	10.3756566976	10.6768455189	10.1079161209	10.0312909165	10.4637202946	10.0966129696	10.7423869934	10.6931580361	10.8106903189	10.1929069697
Cdk5r1	7.91971678549	8.95805567627	7.82389640141	8.32870057554	7.59939693371	7.47459645967	7.82353781928	8.05047705437	8.99973473109	7.9937831527	9.17509145658	7.12052979194
Myt1l	9.3151652872	10.6919682207	8.12021739516	9.72653139492	8.23645204209	6.0874182301	8.82280085679	9.26006359845	10.256074481	9.58536338364	10.3990728364	6.59514474018
B3gat1	7.43582362071	8.59577861639	7.21431931961	8.64293411116	6.8750836512	5.86966409986	7.3988526363	7.07661092675	9.12019506025	7.50812858394	8.16932966862	5.92571227482
Myrip	7.33114000163	8.60931550817	7.00586140688	8.26136026227	6.41590831772	5.9751198871	7.66844080028	7.37460652515	8.64334106269	8.62861598252	8.14291645999	5.92784916551
Hunk	7.26033378463	8.50976488855	6.29787664672	6.92471274876	6.72371119491	8.92741408486	7.06439636806	7.13152184718	8.54851998337	6.79167183051	8.4298665058	9.57835929845
Prkx	9.37061536074	9.61338788337	9.84690614507	9.44527106359	9.37111499158	8.70233509486	8.82090244102	9.06851120165	9.68726440415	8.32547033382	9.80725916895	8.52572147743
Clic6	5.3281913208	7.07885864363	5.20086078179	5.32067358562	5.35456013129	5.06614593862	5.35881334366	5.25328225085	5.49964439856	6.04384919815	7.08528929613	5.32044335622
Fezf1	5.0532008634	7.44643234392	5.06588872054	5.76387145349	5.37043636708	6.14640523471	5.13030549255	5.56086619163	8.12707878698	6.29486571467	7.54540121354	7.25715907892
Kcnb2	8.37115948891	9.90499491648	7.75755498238	10.5309194203	8.53019929103	7.83525104881	8.08804420609	10.1951779766	10.6403540297	9.81623123075	9.82832730716	5.3388138261
Vstm2a	7.64966885731	9.83313280481	6.56378512857	8.90790204057	7.47527142515	10.2976144466	8.11517527951	7.46646587987	9.91402646442	8.64968196746	10.1637501027	11.4957739492
Kcna6	6.77373443514	6.29597379252	6.09314948818	5.90449111181	6.01423189162	5.579998463	6.18707707228	6.07501297222	6.40230897842	5.78118946463	6.28311558235	5.48778212951
Shd	5.92321761151	7.0623664826	7.02843750964	5.77202009151	6.63056543182	5.88814902629	6.52920868636	5.78020922345	7.25503360878	5.85988213969	6.98030755565	5.72731712418
Kalrn	8.74717841291	9.79568802578	9.62424686266	9.27299443395	9.07298929577	9.31290192338	8.31944849055	8.9206113393	10.4137012396	8.9867457039	10.0678295762	8.86811378133
Aqp5	5.36011963423	6.47024077687	5.71788560825	6.08876284203	5.78919934254	5.93441219314	5.48851032	5.71602856428	7.52669382396	5.95317024269	6.62158291263	5.8525440228
Nim1k	5.11235360809	6.32330527306	5.31961277734	5.96198287295	5.18951056058	5.09450247457	5.43248289226	6.0726535729	6.71988336823	6.2061884717	6.41933255097	4.92714621014
Aff2	8.27106591066	9.50139766181	7.86132189586	8.84135357595	7.77630860412	6.57872906205	8.19022913243	7.8496911428	8.6523133867	8.20285199176	8.53217888013	5.49894653227
Tbr1	6.78544988109	9.77829134604	6.14992036476	10.5537022728	6.22525065395	8.71349881929	6.24532999413	10.4642569759	10.2030161822	10.7749419908	11.0617638827	9.66415804865
Pde2a	5.55388328069	7.60155671774	7.44390965726	6.77883144776	5.91233641477	6.07953583743	5.97764429143	7.69027531465	7.37079506682	7.77524132719	7.95198047794	5.68371591859
Grm8	7.51139368366	9.14396857608	6.38270430172	8.35174511789	7.01161372297	6.68068066219	7.19692976902	6.96940687907	10.859525191	7.59526831978	10.6779451527	7.575815777
Gfpt2	9.13433520911	9.40159420972	7.09634767571	8.49737498316	7.25373991077	6.31624855819	8.04218940626	6.3648602386	9.15267669512	6.73528762945	8.81361543212	6.8783754742
Nbea	9.92927490091	9.98385829211	9.37951112218	9.77647243859	9.25455553414	9.388886231	9.76127600509	9.33994673595	10.266591814	9.77931731913	10.0180633274	9.7043236008
Cpne4	7.36370610803	10.8460682655	5.46557049883	10.2941217701	6.42893446189	8.14712703933	7.02339170121	8.90195229112	10.4764502823	8.96381725663	10.2550072565	9.1685146611
Nudt4	7.74970658557	8.924880034	6.66720748466	8.40605553027	6.86800942918	6.34387935724	6.5822641676	7.3397733896	7.66985323161	7.65525446069	8.55952328927	6.15522063263
Khdrbs2	5.3478116822	10.901740701	5.49745113895	10.1584212588	6.15999012362	4.78496928752	6.58037306364	7.98994156273	11.1246116302	10.3092831302	10.8150367825	5.79085299539
Unc5d	6.00189026454	10.4670199223	6.06707526212	8.33268744665	6.10445604191	6.33985303162	6.66184819379	7.04142465605	10.8675851148	8.92940475203	10.0152525793	6.09943840084
Rbm24	4.35003727037	7.48360762676	4.22561255876	5.11439886454	4.22824642589	5.1533233349	4.45799354611	5.02283069283	8.30261858739	4.57011261772	7.56735483137	4.35369558312
Ptpn5	6.93641339	7.66899203782	6.33477339326	6.14274742943	5.87841842811	5.44067312862	6.71732054849	5.4820012462	8.37575642933	5.73602278191	7.64662633979	5.2957901112
Cttnbp2	7.44867286583	9.5200340169	7.44370985721	6.39313567124	6.5653137502	4.77645686367	7.21027284551	5.82496466275	8.75036198569	7.31491123888	9.64535864002	4.84528008588
Sh3bp5	7.85847101857	8.8171453513	7.69546083095	8.42534020684	7.47982022817	6.9732380319	7.90387984209	7.8285517491	9.06918250618	7.0612010417	8.56602798147	6.82819802173
Syndig1l	4.39369527951	5.50122090737	5.06825856803	5.10768550414	4.46214832498	4.76705338938	4.48339760374	4.80910678555	4.76644503106	4.763786549	4.98343540352	4.88000008212
Krt222	3.61664665154	5.85314737456	3.60520942824	4.49316890554	3.52877304632	3.61587655052	3.75647815923	3.79263382918	4.97667949622	4.12091633627	4.09335924398	3.6028875458
Dgkb	7.71279562391	8.61367050281	5.28873148892	8.33325789538	5.64819163965	7.90801161033	7.00839251406	7.93856194593	8.47097053959	8.22090422813	9.03936497846	8.48823654259
Cntn1	9.4638760326	11.1264074634	7.8093343437	10.0527778515	8.05447752292	5.76042793576	10.2108707281	9.2629541419	9.67442911259	10.604698019	10.2808647178	6.38153460384
Dok6	6.9569402718	8.96376020202	5.59424343375	9.72726957792	5.60246548591	5.98872584486	6.81414297883	8.92103438773	8.48848691671	9.4426977507	8.82607400819	6.87155932473
Zfp804a	7.78521265963	9.29170464709	5.25109489364	8.76591342054	6.74396188734	4.42652514929	7.39992606343	6.92607839452	9.49687955226	8.10526768348	9.63218692819	4.46254585739
Tnik	8.97989674491	10.6285506662	8.60416575274	10.5635482739	7.95934457794	8.10830852714	9.16050452306	9.86893914695	10.742193943	9.34133342581	10.2634584087	9.20613674788
Neto2	9.15747355549	10.1472661519	8.08292437034	10.3130125681	8.70986080072	9.78825230219	9.59496676955	9.48208684935	10.7754547727	8.72453376761	10.5435619345	9.79756594765
Fhdc1	5.51779014851	8.9581369477	4.61717699145	6.81112960532	5.22922702328	5.70943263062	6.44372763064	5.8101561706	7.01532058761	5.66451001303	8.19499207801	5.27429128206
Fibcd1	5.88462020629	6.83992029889	5.83566219409	6.00809077841	5.7570632548	6.02236917133	5.76405726921	5.72961011355	6.41743846978	5.94471213855	6.66566865081	5.71559147592
Lmx1a	5.31491017846	8.71822681839	5.36293639459	5.90372316027	5.28341721865	5.32229867224	5.26648425285	5.64125789518	8.89416215979	7.67673219272	8.72069314958	5.31163239845
Gpr153	6.3058341244	7.11154697803	6.17378973341	6.893152656	6.19274924425	6.39070538195	6.39166412894	6.74002576105	7.13508279931	6.66640696582	7.22567960552	6.11214572316
Fgf13	5.36656781737	5.86767619801	5.20992875283	6.41269750524	5.31523031143	5.36061476414	5.21249494762	5.72737517423	6.13891086217	5.40035584658	6.1710433061	5.08315456708
Rnd2	6.14814847157	8.32672444527	6.54532139397	7.45423727686	6.53055663298	7.1240758779	6.67570869406	7.3816030233	8.29805214328	6.66896449184	8.80102969453	7.43709479149
Smoc1	7.8953733266	9.83584117051	7.34118611289	9.3947384653	7.59899212502	8.97262209824	7.68643440026	8.7994635017	10.5565686494	7.65297642637	9.68698733271	8.72672899878
Ass1	7.15295743611	10.1385750134	6.57143527474	10.6774445398	6.78257131105	9.24914452362	8.23283704864	9.88058405285	9.6717640571	10.1732200666	10.3813513458	8.95369500492
Asic1	9.65290902349	9.96276620234	7.87972791633	9.29907056741	7.8607496556	8.53755094362	8.92912203153	9.07639006492	10.105487555	9.11836467048	9.90806845361	8.92440861027
Mpp3	6.70808349446	9.12183026413	6.44125758516	8.61716840986	6.23525496326	6.20344283314	7.54674867753	8.07897926048	10.5524604051	8.2075655167	10.0222148634	5.84432089496
Ephb6	5.89165088177	6.90584307694	6.34860461595	7.72671933638	6.02638026763	7.52152023233	6.33785597547	7.71596079908	6.90376079285	7.06306204796	7.47235300982	9.282428523
Kcnip2	6.6566897194	8.29917503576	6.60199406311	7.90497041119	6.39314725226	7.31894663881	7.63419435245	7.49659267505	7.59855645658	8.15541438797	7.29560905893	6.82503920918
Tal1	4.89052120283	6.0241579419	5.10915701189	4.82980489681	4.93147293983	4.85067072967	4.85640547391	5.00207790695	5.31105875782	5.1528912469	6.22989900407	4.84153832818
Itga2b	5.85576069654	7.32440579211	5.74907710429	6.00034822619	5.64922922071	5.624468113	5.70938733028	6.01053086973	7.08236686049	6.05057439401	6.69518562778	5.46548184898
Rnd1	5.29348051946	6.94427329804	5.27326338613	6.06472426397	5.35574665968	5.24673652629	5.62870441723	5.49541788523	7.52971565128	5.64366473412	6.90519241318	5.13212130798
Pde4b	6.38701245186	8.34593400287	5.95588423143	7.89743859719	6.39120497255	6.51877882676	8.05685598936	6.89235512965	9.21949280757	6.87861860834	7.94829883896	6.99820546027
Synj2	5.9665875222	7.56304909697	5.33574727059	6.08313253432	5.42995995172	5.824799514	6.46325380817	5.93031776753	7.40627429525	5.6563478321	7.74511457019	5.9407317978
Slc24a2	6.91465834743	9.02286622809	7.3456337012	8.18564872232	8.11237237958	9.21778872057	8.23075962457	7.01874966108	10.2955353149	6.46280229957	10.0658235984	9.85093625847
Dync1i1	7.21777714714	9.71715649917	7.53231769497	8.51492892478	7.25491714178	7.49749004495	8.85676118147	6.90305304687	10.1485997492	8.77325086166	10.3710756918	8.03687602188
Efna3	6.71013420637	7.41369983027	6.96621851612	7.92953177111	6.66801681206	7.56327200086	6.35858367021	6.80206302702	7.68477231497	6.92685383175	7.59294727137	7.62988237051
Spon1	8.03758364223	9.50439334393	7.57426603374	8.89447837559	7.87654413949	6.895195471	8.96582058189	8.45067609473	8.80524335629	8.27930209328	8.55777494579	6.58563459916
Ntf3	6.64022163917	8.28268503167	6.48177915126	7.81676346716	6.10543356874	6.70810841814	6.73025614768	7.67188944462	8.14526837165	6.79125206719	8.07302208321	5.86877976635
Ralyl	5.45284883834	9.26453057487	6.03347033668	8.47849930514	7.02965246958	4.98610402381	7.76444899077	5.94025844155	9.78356560179	8.40285236163	10.3715281611	4.37827377702
Lrrc4	6.86704191414	7.91284681676	6.21957665293	7.395330742	6.05162850318	6.27459865586	6.70358800123	6.72698590128	8.00225440305	7.66885610048	8.21275132068	6.22822718357
Camsap3	6.82537910786	8.50280756666	6.03615126708	8.4050912323	6.44489156	6.24760213652	7.43354466681	8.12787420302	8.53994145872	8.1217309247	8.54050119611	6.00970418394
Rogdi	8.60111333791	9.48853482905	8.07383416159	8.73353300908	7.9053782016	8.82573517281	8.95217297336	7.8259487536	9.98297788861	8.98725831743	9.31922566971	8.78572729424
Abcc8	7.07371107491	9.63938154856	7.26555900989	8.63315566308	6.80892318015	9.2777500561	7.94527159983	8.53236020498	9.43547217845	7.88781319942	8.75884677078	9.33765845247
Nos1ap	6.45702145306	7.95958240271	6.12360912496	7.72701687803	6.30666712414	6.81596354029	6.93532588698	8.1318755753	7.23432570428	7.67099822201	7.25093635156	6.58028042412
Mtus1	6.06787087	6.99004553624	5.61099152678	6.29888609389	6.17717240277	6.09912784719	6.66927706549	5.88695445628	7.29212861315	6.56518761907	7.01048062676	6.30835687373
Chn2	7.94163380303	11.0105173478	7.11893845884	9.45574945516	7.51136072148	9.32262450433	9.26733801081	9.72857323	11.3850068395	10.6310119363	10.4607901813	9.3128942019
C1qtnf4	6.5058897208	7.36172326892	5.97923315636	7.54621904622	5.92939397725	5.92797831714	6.54610379202	6.78791516063	7.33565930072	7.75121240576	7.31946677665	5.89537630394
Wipf3	5.69024359903	7.13026781969	5.38332256207	6.15969926276	5.43911813057	6.34473576338	5.92269361523	6.0987424139	6.9566359025	6.81626360954	7.00478012732	6.11584252104
Ptprz1	6.79451998786	9.78267717383	5.49738993379	8.83567357895	5.88421351926	6.46633685562	8.03884016626	8.27790257647	9.05665930372	9.81990988888	9.1562387157	7.54109484467
Cacna2d3	6.71716578737	6.97955296097	6.03869805453	8.29176225449	6.07916584317	8.18657016967	6.21420681972	7.72472143505	8.09846597312	6.64471539854	8.05991532888	7.45180696631
Mpped1	6.15118464994	7.08858931072	6.71687423471	7.51568641543	6.49618894169	6.69249980862	6.22736353517	6.99865784223	8.30008014957	6.62577587267	8.25943362492	6.57368667486
Hpca	6.4267076154	9.57291586688	7.34804112871	9.79824012297	7.07580120345	7.97428079371	7.5109526676	10.1452152233	10.1791829479	8.57631071418	9.99783797612	8.00683328151
Tmem54	5.95106966571	7.17897660523	6.87038734313	7.2327043377	6.77569685054	7.11849529519	6.38490461383	7.35074941252	7.63484570116	7.1010159586	7.3881073248	7.04884661414
Spata20	6.8703847706	8.55218558211	6.48229994828	8.21817610781	6.55837367003	7.8603326051	7.06723623013	8.09594786	8.23729016306	8.2010164963	8.21465956918	7.7358241859
Pdxk	5.96890006729	6.83186452743	5.55308837638	7.09967669943	5.76424470008	6.46505590443	6.456559285	6.63662626915	6.3735932276	6.46655420678	6.91386100707	6.62605470033
Slc13a3	5.70524669	7.92638974606	5.16590786707	7.54333002935	5.13248902235	7.91585545138	5.37150760615	6.98657675892	6.41898871482	6.58586049909	7.37138323421	8.22062834194
H2afj	5.55651098077	6.91433970845	4.99617210447	5.84080203608	5.45564002638	5.34447150138	5.69248825772	5.94042638998	7.15031703461	6.54927772866	6.71172685065	5.56789993198
Csdc2	6.26775971663	6.31150111065	5.9994886382	6.44788832584	5.81542565732	6.18855233238	6.57020853245	5.96556385103	6.6635254994	5.88596936766	6.53172850985	6.25061916378
Hsf4	8.24160561494	8.44368837916	8.48138208216	8.14539300178	7.47951216762	7.98994374357	7.80106245517	8.18411079945	8.00199196495	7.49976090325	7.68901305514	8.30620355053
Bricd5	6.92764596474	7.3371665752	6.76282181254	6.98034652727	6.64941412288	6.98969455714	7.17109814147	6.7858495025	7.14073045963	7.27320405945	7.19972782559	6.89070371845
Ppp1r1a	6.49136994137	7.90355376997	6.55017293754	6.93015253505	6.38623047882	6.83500979143	7.35257622553	6.68090691325	7.99230059949	6.47477889009	7.81305312784	6.76724175251
Upp1	5.01845014057	5.45005668622	4.91650859932	4.81987561522	5.02437836651	4.90048631948	5.59948247191	4.96197100805	5.32685264417	5.27689342573	5.49728025731	4.90238984933
Lmf1	7.14693306546	7.92249702309	7.31484757684	7.41103653392	6.99524696166	7.14971293905	7.73823551549	7.70298755862	7.65920383929	7.04214121297	7.55124739376	7.50290255694
Chchd10	7.2412160682	7.52937808967	7.37979125288	7.21658927103	7.40629521689	7.41058677567	7.30619944745	7.3963834573	7.19615772006	7.32584898613	7.35430472753	7.37697180578
Ybx2	6.53030128446	6.96534413837	6.6611542987	6.60942704362	6.59044132828	6.73478266167	6.63277928477	6.56053223782	6.69267376509	6.70307474631	6.76735533198	6.50257247739
Syt5	6.59274533397	6.64660442861	6.45711183879	6.74438741286	6.32979349877	6.84338568248	6.56968798849	6.1440287788	6.55017308017	6.0422248291	7.10680685665	6.64979998669
Ces4a	5.93349424957	7.63380030102	5.63494418513	7.02343055586	5.64406452685	5.57994107852	7.23065519838	6.75974341905	8.22812107672	7.05961543757	6.80248957739	5.537007298
Col11a2	5.82617953529	6.04991065669	5.92934394974	5.85518671197	5.81557686458	5.80419039419	5.96051838694	5.8332275047	5.98161369641	5.98984154858	5.89172216863	5.69795693794
Adgrb2	7.09750188843	8.38345260863	7.52170800553	8.35342390514	7.24312968711	7.71340034752	7.9361676947	8.00373319765	7.95209484519	7.58052900199	8.05151039095	8.09682609108
Ly6h	5.94725816377	6.00008104257	5.91758644996	6.07650232168	5.91434087408	5.90353896052	6.03107815491	6.0471773154	5.96983121322	5.8965408827	6.05272188347	5.80466846896
Pcsk1n	7.98649226926	7.8649074823	7.91956104755	7.48139210414	7.57733877095	8.14028293486	8.19531619004	7.11165942365	8.10518595998	7.33632990607	8.09119033511	8.18743257714
Slc1a6	5.46011508437	6.41070174527	5.15926419803	5.17473216362	5.62372091545	5.07599517929	6.2979208237	5.14313087403	5.5639540696	5.17409895472	5.82127173156	5.05108934682
Crym	5.10887762771	5.26416457434	5.13114851229	5.45854813968	5.04898820812	5.4154291621	6.34029591385	5.11291795345	5.39498050246	5.06731559396	5.65780399338	5.36346772906
Hpcal4	4.76826804394	5.08610777174	4.55625664666	5.20543330792	4.63892404051	4.55815589386	5.50013186102	4.70224413603	5.25029834299	4.80184360842	5.12850349266	4.50772620273
Sirpa	6.14219076174	6.66807645364	6.62628481346	5.64115864676	6.06669877057	6.08133368162	7.1810341987	5.62324803315	6.91947701176	5.86013217352	6.36109188937	6.22393197569
Clu	8.28429160254	9.72818991354	9.27441117557	9.40989062773	9.13370457295	10.9443958464	10.3961108273	9.44315437773	9.8244075276	8.95724538325	9.85571738159	11.0352850964
Mlc1	6.37961884946	6.89411482214	6.27943004554	6.89664406043	6.27881585163	6.61180830905	7.41959352785	6.7841661979	7.04174965113	6.56511776657	6.89625325593	6.959055524
Prrt1	5.51628754806	6.23702482129	5.94925165001	5.81355461027	5.64200490325	6.43992005138	6.49938281887	5.77498030513	5.77251772919	5.9702805781	6.11762783253	6.03145199088
Sncg	6.00672638289	5.97805937929	6.09890621693	5.97249253154	6.06186684592	6.01027838724	6.13364352845	5.9536953961	6.03067743919	5.97573794451	6.04572256723	6.01657173745
Aifm3	4.38782011926	4.61163362597	4.5128782308	4.64012191114	4.45274947291	4.64545621957	4.83820939783	4.58109855	4.55135286611	4.74374333936	4.63256710251	4.61858931531
Sowaha	5.2822794912	5.54078998446	5.28925646813	5.45401244003	5.25947227602	5.30487565724	5.5792666853	5.42032141715	5.62722539767	5.35862889009	5.50297624808	5.2871670192
Ldlrap1	5.72136842634	5.93137336612	5.46314562317	5.2168677887	5.62839185915	7.20523950024	6.74292322787	5.24351492383	6.12219379253	5.12964714825	5.71468942317	7.57869014453
Gstm4	7.39778025206	7.33388868215	8.09056737195	7.20123164846	7.72923392317	7.74488949329	8.17570242972	7.22493561868	7.01318469125	7.82666071304	7.25236353817	7.61473772047
Itm2c	8.25502751129	9.35831483626	7.94408443238	9.00895515532	8.11296756638	8.68795943933	8.61794617602	9.33782877627	9.30826602483	9.51139342588	9.25024022241	9.36890266831
Pllp	6.36718909309	6.75886288108	6.46639994643	6.69439987838	6.6410676446	6.19312269071	6.95748955051	6.62590375	6.779264806	6.51433286181	6.70499575798	6.51185708402
Ermn	3.62311791423	3.89036202	3.75968531817	3.96784270943	3.73749132934	3.9780770249	4.10383159415	3.90399664698	3.89208926203	3.71697409063	3.9855320589	4.11905855051
Rgcc	7.29719229897	7.25836483044	6.78244926062	7.14750217157	7.35489409657	7.26627002571	7.76987041964	7.54749379967	7.12663969872	7.27695544004	7.32990863697	7.44131035263
S100a1	3.88031896071	4.08671755493	3.96086429441	4.02493622924	4.01763299978	4.35140346457	4.0407959614	4.08184328602	4.07454054857	4.13851606724	4.07484828548	4.1715797129
Gas6	7.17892642269	6.51576810473	6.19763027954	6.06788587673	6.45596925449	7.035890841	6.78574529717	5.86895323025	6.49622432468	5.88413230987	6.50154825467	7.32271245094
Rgma	7.80638364551	8.31893649639	7.84555805618	7.69944918278	7.89291017326	7.84519742024	7.58893772687	7.05378769928	7.65723005634	6.67338154025	8.29930155461	8.12345580569
Syngr3	7.23769542223	6.21701352922	6.57452001996	6.60010738554	6.63521724889	6.87929096514	7.23684274606	6.2531062469	6.02638378011	6.17279393804	6.57040211213	6.62503737969
Adap1	5.79399005337	5.42950525665	5.79978720942	5.70107282278	5.80289285612	5.34191195033	5.93303347694	5.75071558865	5.41610505879	5.4705761239	5.4963539372	5.45623931561
Caly	7.2571503738	7.19756071475	7.19341937992	7.30313295765	7.14136971452	7.10361955652	7.54243262145	7.11121503013	7.30421846927	7.14085848839	7.3951077494	7.03660591561
Fxyd7	6.67093531709	6.85716904848	6.77832618001	6.8776844277	6.64842720295	6.74971633614	6.85423190953	6.95942128137	6.81443691019	7.20468854215	7.00718434315	6.5769616821
Thy1	7.20816498717	6.8904614408	6.19524707357	7.26021439997	6.85114715725	6.81782263252	7.59348968232	7.2737458995	6.95354153462	7.01712646639	7.40632159721	7.62155522218
Nebl	6.32779459437	6.10754015655	5.47939512591	5.96859709419	5.56500133654	5.82194248586	7.72089304006	5.89357995883	6.50998091265	5.67056268252	6.38610580735	6.04416353118
Cobl	5.11581483731	5.41851548444	5.06496378691	6.21518528751	5.08205381563	6.9773340601	6.4743200413	7.4085002793	5.11342324579	6.18331938642	5.41759371573	7.42260304645
Hopx	5.4330644696	5.64268245492	5.36071387167	5.86863586286	5.53984032828	5.45080791695	5.79947114668	5.81603838355	5.68484310528	5.63958668663	5.80737604179	5.74782154257
Ctsh	6.49672540309	6.04095757231	6.28715728037	6.13055292908	6.62735626295	6.83022720795	6.73485450389	6.35661756625	5.86599278974	6.07905338369	6.09185477504	6.96630935622
Lrrn2	6.79503919109	6.79724902925	6.06993559508	6.56665334346	6.21273314626	7.0129164079	6.69012315323	7.07334913045	7.00134077917	6.62645256555	6.7652823608	6.77688407982
Car2	5.98782005069	7.04690266953	5.28786800836	7.14387380262	7.01500234377	6.10656429938	6.59301354604	7.66295778488	6.82470007487	7.91739309242	6.9372052988	6.50797061731
Necab2	6.28587198743	6.03222971863	5.68151336376	5.83660651814	5.85421790243	7.25486204624	5.69744246266	6.67872395363	5.79147293886	5.42667467994	5.80457423837	7.35432043735
Apoe	7.29134421929	7.23238847983	7.02846600189	7.10822332086	7.06460141511	7.2448299169	7.4971964987	7.33782632785	7.39793795685	7.00996253307	7.46641800899	7.36638693986
Pcp4	6.30238134526	7.87467146775	7.08322449086	8.01898244635	6.45662406746	7.53745440852	6.99893780868	6.79616423673	7.54132592517	7.69220322931	7.36243115716	7.07340956647
Paqr6	6.07712182014	6.33678971404	6.4477358613	6.40747572238	6.09168342658	6.60403176095	6.67613792128	6.17585758392	6.27539804694	6.31377491415	6.34708810626	6.59005750537
Fam107a	7.57945978811	8.74427772774	7.54498844462	8.49030318197	7.69749827369	7.88998312381	8.771735064	8.45190655883	8.96618378404	8.44240423649	8.85680688015	8.15989853786
Grm3	5.95494491617	5.60175548215	5.09618449003	5.68353511384	5.32307068003	4.96052284405	5.67122959451	5.47716045053	5.68231783916	5.72609046784	5.68832217998	5.14170352602
Ednrb	6.87326511626	6.26425331738	6.64993612291	6.44818194559	6.890194173	6.2080959039	7.48811954447	6.66941094145	6.5089257689	6.34144575133	6.46883004765	6.5379576921
Synm	6.04523356631	6.31464568552	5.85657382733	6.49208090008	6.05629526178	6.02510330138	6.6657526704	6.972453409	6.3906127328	6.29807681093	6.37885664594	6.27950379378
Fgf17	5.985276733	5.89139242873	5.95296379992	6.12676231005	5.73640701806	5.84881236038	6.11260694009	6.03387026547	5.78318933317	6.36360848655	5.87002244341	5.70046423692
Mlxipl	4.7510788976	4.81134403584	5.02404820288	4.90277921762	5.11780734118	5.07182887805	5.50205778985	5.01002942528	4.81937392108	4.81618002016	4.89031658429	4.8753129538
Acbd7	6.59047408337	6.43408859105	6.38188641428	6.182624099	6.70151014886	6.52470127405	6.499249462	6.18108325568	6.69216580007	6.1791913434	6.56454657604	6.55044613933
Snrpn	5.51020080186	5.78459876135	4.71968555542	5.52623447281	5.02006332935	5.06420297252	5.50486209566	5.58218334038	5.70465525019	6.10713470201	6.17169652674	5.31687937663
Tns3	6.716950247	6.08820006092	6.11829182346	6.11714891008	6.56176897472	6.29360459505	6.90111854417	6.4564110029	5.97967925699	6.07486220242	6.19113025461	6.3498427939
Kazn	6.72976747549	5.76723029619	5.82734946942	5.81963327216	5.91702716458	7.45557863776	7.10323851879	5.8034156158	5.73295402004	5.5394038023	5.84363578583	7.4918012902
Acss1	6.29526253746	5.94793678833	5.87974201058	6.17696402724	6.13317049789	6.9010854811	6.97531958036	6.47414364093	5.97642923103	5.8429143883	5.96898257992	6.34475185022
Lcat	6.65214415683	6.73105164091	8.63520376916	6.52361193432	7.25250183228	6.85766845743	7.70538238749	7.02673403757	6.92953210612	6.32006175397	6.84398061226	7.06080386678
Syce1	5.02113621657	5.34038547947	5.78814362418	5.13879521859	5.11756632994	5.15509109195	5.52251975336	5.06674759055	5.29765639739	5.06823047521	5.27375409683	5.01323369063
Nov	6.28842552049	6.65680758473	6.16788750141	7.3959517977	6.28729082769	6.86491782976	6.45641201551	6.76164295035	6.71583107445	7.19831124364	7.59577293099	6.78955269139
Mmp17	6.30960844474	5.75046986134	6.51089570779	5.21313529646	6.19186182385	5.71986188652	6.18831712877	5.47429874815	5.53805275728	5.25108867888	5.67648719514	5.37321652624
Npy	5.76846607911	5.44333920639	5.43415726475	5.50788349959	5.54422532394	5.568704499	5.55158571021	5.5611991737	5.52376551275	5.48421458836	5.79582102874	5.44607661284
Pfkp	7.58921123349	7.06758240708	7.61975759305	6.96647566924	8.08203215017	7.6927458909	8.20526227649	7.6942900032	6.77172395806	7.27017493857	7.62237806237	7.51194653351
Abat	8.04736166594	7.41831027892	8.13048650122	7.28187375524	7.95160102288	7.44472294681	8.5616590146	6.69047738995	7.11569781049	6.66743186154	7.62668861343	7.17540370841
Pon2	8.92309217923	7.80110186096	8.50120961896	8.02582055	8.90220004362	8.83597832714	8.71663674562	8.0044691746	7.8835553274	7.67657699316	8.06505332603	9.02120609949
Sorbs3	6.1756414386	5.72299063779	6.2383302547	5.63497244465	6.30117849025	6.09468192238	6.31697379951	5.73477567905	5.58415476246	5.63212487876	5.76812859843	5.97580696978
Pla2g16	6.3091419046	5.31670371733	6.01221924566	5.10385694443	5.94170490226	5.86392209748	6.52462717483	5.16455429553	5.26160285354	5.27158032748	5.36511904091	6.09249514302
S100a13	6.80360065934	6.08454138331	6.23471047158	6.30179182757	6.49394184957	7.51341660281	6.72359251834	6.75663459633	6.04594345648	6.04628346052	6.09510722267	7.52917089004
Cbr3	5.560225824	5.65364896884	5.85850573412	5.51958634232	5.75810748948	5.59842613329	5.69468782783	5.50737418915	5.72043223912	5.45221871439	5.69266313078	5.61176664967
Sgcg	4.02872340406	4.01608689644	4.56553943303	4.03555741505	4.33894759437	3.9183217661	4.10162809206	4.22494773167	4.03709488623	4.04385453303	4.02423786697	3.9927726248
C1ql4	4.56185320143	4.56429520892	4.72753873436	4.50125774689	4.68713353432	5.12699885167	4.57995081966	4.56987089807	4.76490210858	4.41215598461	4.63257664357	4.9677476001
Muc1	5.82827820697	5.71030021176	6.08264205389	5.82347424076	6.06752371582	6.29855110738	5.80586082991	6.02819079735	5.82781875175	5.70807208601	5.94043997427	6.36909070976
Sall4	5.25745553317	4.9841924485	5.19279985209	4.8935500267	5.26348262062	5.74037763629	4.88316811406	5.24992039755	4.90823333003	4.89827166343	4.96166590021	5.94432838263
Tbx2	6.35322367134	6.44867802914	6.64662096462	6.39356861703	6.46675380042	6.8370314229	6.45470565419	6.48731310002	6.6504714083	6.62606640478	6.45649511864	6.91414875818
Fgf15	5.53386847211	4.46933838121	4.52484046145	4.47063034397	4.66328921589	4.62376602024	4.60396338234	4.50530877927	4.44972109409	4.5853576504	4.45792504858	4.44057235345
Fgfr2	6.59708530494	5.74151408942	7.4957134683	5.62009356222	6.71381617548	8.066096694	7.06048286013	6.7390946185	5.94039577015	5.44760455728	6.18444366189	8.08748004031
Sema3b	5.60561049114	5.76495671512	6.44705102139	5.86540023203	5.94530620738	7.0296919499	5.87400977419	5.7638240414	5.78501105389	5.74044163797	5.91208801511	6.87419232063
Adgra2	7.29094882374	6.21292460338	6.88805581462	6.27513816465	7.18158932255	7.1276341969	7.31477267617	6.7792558913	6.11824828577	6.46714107209	6.48625432223	7.4978411388
Ifitm3	8.9530472798	8.36706355448	8.48624223366	8.11071990668	8.91835745134	8.5776589279	9.10350618634	8.62793869762	8.31423756696	8.13272591594	8.79861664713	8.37491995092
Rarg	5.185344637	5.14539181446	5.62836544387	5.11029158659	5.42096533005	5.696766379	5.47299704832	5.42637120312	4.97446708768	5.33972645476	5.15893735002	5.72992880818
Parp14	6.90827064077	5.79855324046	6.49487294547	5.76785239946	7.14048769223	7.11001265852	6.85098500066	5.92218393177	5.63623600257	5.50228052801	5.94371280221	6.76708055855
Col15a1	6.72536993694	5.24385745675	5.99207524783	5.37092349789	6.05255666365	6.17489614714	6.56059446711	5.5111649526	5.22547379261	5.38087985307	5.49904701672	6.38332820569
Adamts10	7.35360800454	7.7457742428	6.77284306707	6.97610382314	6.94072085969	7.27680292133	7.29270071547	7.66918554997	7.20282427854	7.637943433	7.51743627076	7.7252211349
S100a4	4.39645048417	4.33981552834	4.35048600572	4.361028672	4.42558167632	4.85235972857	4.43379316253	4.59221592102	4.34104173305	4.44452936403	4.38864179665	4.67058541069
Ifitm2	7.19971871483	7.02947192476	6.88117269503	6.69131925876	7.32119045737	6.9453032661	7.42280770757	7.16623282477	7.05698633322	6.81197045369	7.42500583062	6.97828393529
Shc1	7.41264869634	6.57143785254	7.39571147503	6.90725194681	7.61278714817	7.95285519186	7.46841175257	7.10426260285	6.49630578429	6.83712569734	6.61688605743	8.1470847959
Marveld1	7.04660951009	6.18225782978	7.06330931788	6.60666477349	7.07999239305	7.89261160148	6.85822346591	7.11074747403	6.0889582569	6.42662389939	6.42849198419	7.80887837518
Fabp4	4.25040360797	3.67367418139	3.72322107624	3.73281410916	3.88206528777	3.58371316381	3.92916807611	4.1396150242	3.61970989478	3.89614237069	3.93806989752	3.62019019147
Agpat2	5.55831489651	5.96900783137	5.61456876964	6.05879197259	5.60382260703	6.28024321043	5.63993692923	6.280470115	5.59280826672	6.31659790403	5.77759913598	6.44879826943
Zfp467	5.8208349606	5.99780272229	5.71262486676	5.93346214949	5.73840557291	5.86684091633	5.98341709023	6.34064230697	5.83178829952	6.11263770785	6.0009043943	5.75294548463
Id3	6.16941543086	6.10437093601	5.9184854293	6.06130171014	6.33738594286	6.5508043831	6.35664362368	6.8539200692	6.05764588042	6.26184373139	6.20013440277	6.31597551169
Egfl7	5.92582480669	5.85620369018	5.88231743733	5.8740847797	5.94549559258	5.83578452243	5.91950383757	6.074857386	5.85014024938	5.96461522079	5.85095874236	5.82980977645
Isg15	5.0335929712	5.00472351472	5.06852706713	5.12031770668	5.02595884943	5.12662290833	5.03040118745	5.0644817799	5.07914530898	5.06429550975	5.08800443396	5.06996390967
Sulf2	8.41113365246	8.53208514122	7.47504106103	7.62673535138	8.14573329012	9.129857888	7.95380780174	8.14170249392	7.33358078553	7.4344890499	7.89990729101	8.57512107394
Gamt	7.09315483809	6.39725061892	7.01610188466	6.8701611767	7.15979639158	6.80021703105	7.08580530491	7.49217013175	6.22010083745	6.62787996191	6.42757625734	6.98495067137
Alcam	6.96061306277	6.46905456187	6.2245001038	7.13357560754	7.11720913551	7.95803471819	7.66029630889	7.80527284462	6.13855176306	7.16319779069	6.47306460804	9.95856219069
Col9a1	5.82979058383	5.61612046838	5.50218279263	5.32314080476	5.49020146386	5.05378062843	5.60761836062	5.2569232672	5.52660053039	5.33809995673	5.18966003224	5.03450015449
Ctgf	8.89991539091	8.29984282869	8.31237201418	8.08219966203	9.00561245588	7.8885674169	9.09267224053	8.62388783495	8.18252413538	8.49431344766	8.48817934021	7.9147064372
Cyr61	6.74244760194	6.48941844757	6.49129315758	6.05989482659	7.39202368423	5.949070495	7.29206372689	6.82056465198	6.2398383478	6.56077287048	6.50253047534	6.2172102778
Col26a1	6.43595844951	6.63692947165	6.14538831272	6.11995057678	5.99849187932	6.23933415433	6.3031723634	6.14647089595	6.23370033032	6.24816596951	6.4380894245	6.25938713945
Dlk1	5.55599310517	5.99059475518	5.62745936067	6.27837410543	5.68520755649	5.86615501067	5.78407867819	6.82133800103	6.11718468587	5.60082519636	5.8663254513	5.50001965567
Usp18	5.96270539551	5.90602479997	5.63341506395	5.95704573581	6.25853804042	6.90754101781	6.15764510015	5.81073301963	5.66779611629	5.68514802613	5.76763652342	6.59113127322
Hoxb3	4.23079162666	4.74369724706	5.24249408838	4.2827973953	5.1402646554	5.03109261133	4.38925222174	4.62420494505	4.42296445672	4.33034491739	5.14364198251	4.59820172367
Hoxb7	4.03791354414	4.16416545828	4.16674548055	4.17455555746	4.11366648894	4.1799894449	4.04921671411	4.25171147755	4.14399964535	4.25087938297	4.31810403321	4.07689864106
Syt17	6.00323441603	6.01946304797	6.1226019523	6.19750771643	5.91864902214	7.42276127652	6.33010347623	7.0635136298	5.7668264872	6.39508990979	6.13286085968	7.52286003457
Hoxc4	4.850194852	5.23162869545	6.25427528261	5.64298230362	5.23102373471	6.79080690629	4.96279084913	5.94475147355	4.68453605015	5.01465708172	5.6996322129	6.97196080802
Pxdn	9.42627906123	8.63206925297	8.67658999793	7.67776276243	8.78879585092	8.26483206895	8.58213734517	8.79969121945	8.49309163206	7.72351642636	9.25780868216	8.3338324049
Slit1	7.90242637106	6.93409768164	6.18056589339	6.18620765808	5.95394156642	5.21529532019	5.55717877409	5.52588615045	5.04829900655	5.32456037636	6.21341869694	4.63612020402
Pcdh7	7.08812539623	6.28398548401	5.96352037092	6.01437197511	5.38732206246	5.11387618286	6.18336405083	5.7726423045	5.96670215913	5.61570970033	5.98969468382	4.68073017696
Dusp4	7.01332425617	6.2123850283	4.32230961863	5.76130692595	5.26189744428	5.70240671	5.9321824676	5.41491464675	5.8444249945	4.90892157727	6.76258838148	5.7313958858
Rasd2	7.87989774951	5.87949067076	6.52992868012	6.11114321668	7.06784940023	5.55566791729	6.40429801283	6.0541171438	5.88986571355	5.78083442234	6.20163361479	5.7319195252
Nell2	10.1442228563	9.97945993382	9.09251728474	9.32066736181	9.50723998428	10.4546603544	9.85910135223	9.65699848178	9.98223595498	8.82429756276	9.48543237812	10.3520386744
Arl4c	7.88277290906	6.37784601608	7.80920440664	6.45805313027	7.75869978389	7.43789738371	7.29059509379	6.3928486721	5.72572882829	6.1111390097	6.36131996146	7.77717739312
Ctsc	8.71060739694	6.57033277897	7.80328535537	6.63582620022	8.4416651488	7.12895379743	7.87795856319	7.36498131917	6.45180485546	6.53364435652	7.09548457233	7.26983705682
Oaf	6.15444750671	5.72327392113	5.99289604736	5.60887417278	6.000227494	6.14438639586	6.13038932191	5.88299476403	5.60761600309	5.72839332333	5.68081042931	6.36960237953
Fbxo17	5.53638230483	4.99721629766	5.72420737282	5.061478241	5.77329165206	5.49215994833	5.54617227277	5.5597235212	5.13644260776	5.11527553591	5.04512337078	5.96006228108
Lamb2	8.3824254242	6.99226843856	8.54616242282	7.01719907619	8.45262003515	8.4959406711	8.43567163564	7.41344773268	6.82689624237	7.2131940889	7.19502098434	8.49106603041
Mdfi	7.21634801506	6.00851061061	7.04258109805	6.19908797965	7.18570151511	6.76855420629	7.20839088426	6.71143884568	5.97147966458	6.13346738197	6.10092520279	6.7032583732
Fkbp10	8.82281928049	6.4669101555	9.32346418109	6.52778638289	9.10938456888	9.43048227933	8.74956882957	6.8921560808	6.29372713278	6.55474738742	6.85748831929	9.70525978912
Nfatc4	6.91739520523	5.66671440369	6.37587511775	5.58975499457	6.85325359017	7.16064499305	6.64460494	5.81535532095	5.53735538589	5.6935428511	5.59661323411	6.78076741988
Six5	6.18689250577	5.50068848933	6.01474388078	5.60488476219	6.02089272928	6.34962397538	5.9218630074	5.7463896261	5.5638474481	5.58161470118	5.50969454814	6.27985569986
Ajuba	6.96416366291	6.78239030465	7.00882659662	6.74142833659	6.98459613011	6.92941331757	6.96682555349	6.8603725729	6.81904621884	6.78562199999	6.8007682853	6.90422665339
Thbs3	7.60106965811	6.12289217761	8.03622087399	6.73961776497	8.01331597831	7.79918425852	7.10830932928	7.27117595055	6.20790413441	6.55731056834	6.5098002092	7.82885461192
Vim	10.1772629855	9.13643748946	9.41254642686	9.080308926	10.2141177643	11.5991391976	9.85874781057	9.91755554922	8.42125205672	8.87171079509	9.20991488816	11.387957091
Pabpc1l	7.33553157803	6.44484634442	7.72299026255	6.58433821003	7.60764648937	7.59558340495	7.19319289449	7.05594504048	6.90400707013	6.582860704	6.58418884356	7.46058817006
Col4a5	6.55349073849	4.95712757461	6.56363433926	5.6781529967	6.6634407226	6.55020596067	6.35907336413	6.07544860867	4.82807535929	5.40122778299	5.0030432748	6.70069977865
Cxcr4	9.586939685	6.02071553893	9.92466012891	6.46558623757	9.26528004405	8.15867490171	8.83574274996	7.03410138598	5.88757521866	5.93962011687	6.04099970853	7.81808260041
Sdc2	9.3514023978	7.14135678766	9.51010549095	8.16314800027	9.2789872316	8.41649022486	9.08760732702	9.34626774283	6.2127057781	8.09504483291	7.18765826783	8.25748007284
Zfp36l1	8.93351515249	7.5198478645	8.87854138258	7.50781391192	8.79090097657	8.94648188648	8.91103101036	7.54177766988	7.26130109097	7.40918325887	7.58422818319	8.66596090202
Tgif2	7.76566923589	6.69026967797	7.80848517724	7.10148172843	8.09742136991	8.22503916857	7.42523285715	7.78389080697	6.59998900183	6.57649485919	6.62192632564	8.25632036202
Ephb4	7.80411262829	5.6758217514	7.8954482475	5.91400377919	7.95849087742	7.76069887905	7.26622425804	6.58760700197	5.61411771648	5.88782343248	5.8117073495	7.60089705549
Pcdh18	8.02502395486	6.20252793247	8.49846331271	6.36598640754	8.50102786249	7.28344867119	7.72214704155	6.7325433302	6.06542944396	6.91240265301	6.3067010759	7.80763685841
Adgrl2	9.7516853862	6.75482538523	7.75782889674	7.72447293359	8.62096708597	7.69666709381	8.61330231162	8.39360958483	6.47058690512	7.73059075627	6.94056124956	6.91583728602
Snx7	5.55564653514	4.67943091026	6.89190228639	4.81196621551	6.52168130118	5.8448421089	5.69863755411	5.44392381762	4.82757248171	5.37418786193	4.92288001943	5.76968252127
Flrt2	8.67266906949	6.04852969994	8.53201040392	6.89691588273	8.77401809129	7.92482946357	8.50778258619	6.35586107815	6.30810971217	6.15229492946	6.44666508148	8.67786909614
Gli1	6.73694917429	5.01719111902	7.67900232025	5.13996091649	6.87153014206	5.29957235386	6.46988622404	5.2369456032	5.12285892156	5.13397005849	5.00136539856	5.17773524008
Car14	8.13446636709	6.12322299649	8.57709439186	5.63287137016	8.31020931189	6.553220673	7.86662370509	5.10266142065	5.94048296912	5.23191161727	5.68629878068	6.52446202861
Palld	7.1406883096	6.20300359475	7.38957065976	6.5203008837	7.685053805	6.97765260024	7.2496404327	6.90857669413	5.83644807736	6.61642389973	6.27974206293	6.63249595043
Gas1	6.72867913131	5.91607995259	6.41354235758	5.90729416184	6.27538025958	6.13614456533	6.28470787281	5.60615458843	5.80607895525	5.71354359501	5.86656805286	6.15122541482
Srgap1	10.1769597593	7.01824510613	9.48783129716	7.46965130873	9.67552990863	7.81260724686	9.376607473	7.44028529388	6.87895965731	7.14681951224	7.12907222285	7.35751933306
Fsd1	8.90675354194	6.19425737749	8.7942246327	6.23046588705	8.81056452857	8.32992040186	8.58062214855	6.67482234845	6.34868058394	5.98804198733	6.90606960413	8.46452252302
Pde3a	7.33922123389	5.59347341542	9.54135938567	6.36293856557	7.67038722522	5.24672888195	8.37923722385	6.2040725251	5.36200591394	5.55641757972	5.75855969779	5.13382305614
Nmu	6.47231251549	5.01146626073	5.50834798682	4.91368823324	6.13452633217	5.63685949305	5.43034422855	4.82929243572	5.33375055355	4.6671300921	5.27036887518	5.85979744
Amh	6.7936514776	6.39957825651	6.93266526645	6.46950252197	6.66776918128	6.7394243851	6.47656388232	6.35896573827	6.27130574016	6.33071037949	6.39518856989	6.74457692188
Vcan	10.2370205174	8.92850011328	8.50227781561	9.30363858327	9.33013204422	7.59443234757	8.98343872434	8.66536655993	10.0958563693	8.01543164625	10.0162971093	8.1866798941
Pdzrn3	8.55768659946	5.34677568578	8.10880856978	5.83843999459	7.34261982677	7.82038758881	7.46276332877	6.40215845485	5.27678743902	5.48351594804	5.66488454512	8.06303636218
Robo1	10.6424668672	6.74715401054	9.82308079249	9.72952636378	9.74770530432	8.13141452929	10.1395496392	9.51648757955	6.56726121865	8.6622496349	7.1762566129	9.35442090161
Pbx1	10.4316077059	8.43098845744	10.5869249515	10.0698412655	10.4187761416	9.04576424981	10.1709025036	10.6151213135	8.18628970572	9.56270400469	8.30677655445	9.25168801227
Tnfrsf19	7.17994874586	5.29494658972	6.42173125437	5.50321659751	6.60614689263	9.52158964052	7.05612390081	5.80658550215	5.17898021983	5.2529673774	5.32556713749	9.93685504792
Fbxl7	8.41279900971	6.37063063981	7.93715756917	6.08070734489	8.1165220194	9.73895514486	7.93393028402	6.6572223754	7.03762653936	6.20721507136	7.099242255	10.2963975063
Twist2	6.25647461914	4.85177494917	6.05313279284	4.91524237811	5.57381546755	5.93829193876	5.78512843626	4.92425408015	4.81950365482	4.9557104736	4.99064533519	6.30781748004
Gypc	6.61477792469	5.71154281218	6.16133087986	5.76051484568	6.56920704023	6.33691763671	6.62285578906	5.832028859	5.73278330659	5.7074044101	5.88715533495	6.31713382369
Pax3	4.08771309117	4.23980771666	6.685293089	4.6862221417	6.18042446205	9.75814528638	6.22750399734	4.63229182538	4.31539469355	4.36433188431	4.29697654081	9.82716482053
Arhgap11a	7.8325146422	6.48710646129	7.30703623599	6.84339679449	7.87883291366	6.96143874571	6.83874308313	7.2012688416	6.75906945471	6.63694589618	6.77917961797	7.30031077792
Cks1b	7.43010341054	6.95540691525	7.48046480711	7.33257984989	7.73122417782	7.64011102048	7.12306977191	7.5354602233	7.06944118158	7.24726536099	7.1108287148	7.8805641882
Rpl35a	11.8391944437	10.6273680905	12.0276814446	11.4352786924	12.0766781263	11.7206987676	11.5650342706	11.8064302577	10.6728552602	10.9505893863	10.7599180869	11.6385727069
Mgp	11.4757319969	8.81509457143	11.8550668199	10.200643231	11.6100664931	10.3783801677	11.350856257	9.93512306235	8.47308871908	9.33563251894	9.36785460753	11.0860423527
Igf2bp3	9.09255915374	7.0871538017	5.29849643151	8.66656982243	7.09274755531	7.68481310638	7.50065003045	7.9981431116	5.25405286351	9.53419522848	6.9646348368	8.46371975947
Laptm4b	9.91801826823	8.80368956224	9.70555948328	10.3046104871	10.1967053916	10.4322389623	9.4505305957	10.9058978132	7.26955577	11.1425430523	8.37070835288	10.7213657283
Rarb	7.29733390277	5.32735226744	8.60276751363	5.90474016197	7.49176994803	6.8406494349	7.3915351744	5.84459267257	5.02644041239	5.78435161725	5.88569343905	6.45551523127
Satb2	10.4764924522	5.55596753969	10.0320432892	5.97505460103	9.95426837671	7.77738935043	9.55447349353	7.15562085477	6.8162529545	5.74768458666	5.73839659654	8.47341798578
Pdgfa	8.71149568934	5.75036339177	8.56921957811	6.61835476262	8.63406424155	8.010105778	8.13344725562	6.95714683235	5.58793131018	5.99654099221	5.88931464919	8.48393428031
Grasp	6.94665127629	5.46336634026	6.91693556634	5.55201358768	6.89154001265	7.05802723005	6.76311360796	5.62745403588	5.41661169201	5.5627523854	5.53287690882	7.09339391453
Met	6.72049660849	4.56242601987	6.58368212567	5.06335567889	7.43697869594	4.71086508714	6.65942026379	5.0536044203	4.16894310239	4.84822259196	4.36730567505	4.42351877806
Unc5c	9.56587204851	5.99696486166	6.88383263555	6.62785557676	8.47218215385	6.171283719	8.95591432162	7.35264315992	5.94097011971	5.90534271549	5.89207613499	6.9162369779
Tspan18	9.85952068409	7.36846510701	10.2245190946	8.27178360532	9.87163197795	8.69066680548	9.86214794602	8.55836741708	6.39940424407	6.61432404524	6.93089031865	8.75374679398
Gap43	10.973964991	8.34956286845	9.60839509739	9.38317096186	10.2336680234	10.1064747471	10.5831692167	8.55934649137	8.43678447342	8.01743989842	8.98857873624	11.0119486492
Khdrbs3	9.83046105374	7.74113399814	9.27364842653	9.05827121862	9.12170191886	8.32819992838	9.12620787272	9.07941476112	7.85038979843	8.05351903619	8.45664796268	8.4502518092
Ptch1	10.994941957	9.05783874309	11.6027279807	9.01686994738	10.5146058203	9.6374988009	10.2511360099	8.90644888078	9.0334377798	8.68073834378	9.11885075051	9.47777472608
Aspdh	6.99446705434	5.89079696452	7.66341989362	5.79835818908	7.00901473031	5.90040781186	7.13435097474	5.67233683947	5.89551926451	5.83182156336	5.98544700926	5.92038575857
Schip1	6.79927440291	7.5663269655	7.44367624717	7.82415734084	7.36651235931	7.2987743881	7.74391306347	7.44873373325	6.97056171962	7.456501775	6.54655991481	7.48504354035
Gng3	10.6165986547	7.09536115108	10.0170371893	7.292039027	9.97583790494	8.63813716876	10.9310399298	6.55300918815	7.27609070442	6.97131045716	7.43790518211	8.82366577712
Robo2	10.5389431802	5.78896352187	10.1225756163	6.41163051173	9.13847840069	8.33990840724	10.2724068809	6.34725842687	5.57257693749	6.21703776376	5.66032852839	8.78526130798
Adgrg1	9.95793091803	8.11844204224	10.0027937983	7.9848903047	10.1750837836	10.171908165	9.73466446711	7.79248923422	7.65319777046	6.96534646621	8.31081987744	10.5205209119
Stmn4	8.95570056751	6.11914355558	8.06745545005	6.98607217743	8.14341783755	7.23752102624	9.04798484779	6.32306067363	6.13990601624	5.87270800233	7.65390252043	7.37214339002
Rgl1	9.185815268	7.07475471984	8.992023087	7.00880289878	9.12309583537	10.1231088502	9.29587984647	7.04295006155	7.41674219516	6.70665004997	7.44192773849	10.6021146705
Mapk10	10.329963263	8.63021773326	10.4567163763	8.73269711695	10.1739000138	9.50233401686	10.3237451579	7.93009473025	8.81452720387	7.45700240213	8.94852815791	9.99239245402
Tcerg1l	8.0716386592	6.42392876618	8.80681745064	5.62646980638	7.62764616477	7.50808833262	7.42413204666	5.59372477875	6.41250397595	5.60349117315	6.25301054022	7.15610366733
Fut9	7.96348713123	5.72980712399	8.01639248018	6.73946634573	8.00982968294	6.15782572781	8.25562485968	6.30157568548	6.45629322698	4.80835210716	6.88949866292	5.94384601396
Zfp521	10.499675702	7.9876761519	9.29517546653	7.78645068822	9.67996760377	9.39939760167	10.3515999026	6.698710017	9.76574518078	6.72020963387	9.07687569799	9.51302156447
Foxs1	6.691636705	6.0204032946	7.06446471883	5.91864537576	6.43923289643	5.87908102871	6.44582206823	5.73073124592	6.02200261553	5.8645887431	6.07338310814	5.85647022755
Fap	8.7105486868	5.02251937606	7.2495873633	4.66969208932	7.14312662378	6.90582758481	7.71173458462	4.65358351632	4.62407267643	5.267167391	5.28448297965	6.95597587624
Pcbp3	9.40807218003	8.07401985458	9.34810637121	7.75281691989	8.53597931331	8.75288178386	9.17899260432	6.73694237645	7.64055593342	8.55224306048	7.0332873664	8.81578079449
Fmod	6.41868825706	5.28040199236	6.18121733246	5.19782949543	6.21773642208	6.66525587443	6.48717057081	5.38039063745	5.08014601328	5.30767818146	5.71964209131	8.58599872792
Sphk1	7.4857357546	4.78629974612	7.61355098737	4.91644655981	7.01090360448	4.9894865091	6.89469591679	5.18294887803	4.82432334805	4.90164216103	4.82501582968	5.02743355835
Pirt	7.15299650391	5.2131857018	9.24875831578	5.41066098614	8.60640052251	5.41858671214	8.26498389438	5.22323324148	5.31320663296	5.09726064848	5.30148668707	5.31698766831
Nfatc1	6.69268175897	5.49147564418	8.99232255091	5.5585806213	7.67079585949	6.7390272609	7.33908097838	6.07046235063	5.39995233643	5.68216748467	5.51397123454	6.36733537208
Emilin3	6.10671291374	5.03773901713	6.99948256382	5.22696171692	6.21500297046	6.4723022681	6.11946469974	5.12493614145	4.88719029622	4.89902374797	4.92492609066	6.5704392151
Qrfpr	9.22532305257	5.21625003017	6.25511780512	7.64228486965	7.8006130084	4.89075301886	7.98404854574	6.3254759156	5.39841474191	4.93955858307	6.8739734503	4.71735608167
Angptl2	9.86698693991	6.85823402314	10.8478172851	7.7937501337	10.1283767134	9.08396310786	9.79877790594	7.4819543464	6.57314793138	6.44633207416	7.71766068959	9.60069154373
Gpr68	6.01462485417	5.25820274682	7.38080674966	5.19683998184	6.38462736538	4.99595955995	6.22889250296	4.91995941325	5.2299165098	4.96066550813	5.12178248781	4.94825169167
Gab1	11.5312100837	9.70765991575	11.8263416624	9.1157033707	11.5521883433	9.58492240229	11.2986388946	8.7578628142	9.22450799878	8.86615232631	9.13515092968	9.59159043506
Dmrta1	6.07012712071	4.73528190663	8.39114909622	5.58067841384	7.71696080822	5.3077552961	7.37506177421	4.96465904387	4.65296439771	4.68682100843	4.6885451466	5.26975938814
Ror1	8.13159747977	7.12590151807	9.76635888525	7.93781323016	9.04135129648	9.19073638762	8.89306211117	7.75155950083	7.12877807058	7.86939764864	6.95942992276	9.046338813
Crip2	9.935825796	9.15377518992	11.4730576441	9.575133671	10.72139883	9.3415730779	10.1807721369	9.18485940483	9.24009910418	9.30207305372	9.63708666493	9.24444435837
Insm1	8.22436527646	7.5208046113	8.35485217225	7.26265807954	8.15383358988	7.35539247305	7.89746813898	7.3800600418	7.60205048681	6.90996286284	7.78427711636	7.39909019971
Sowahc	7.49461867151	5.94301521014	6.98674379601	5.80178163114	7.65584961211	6.19609218643	7.20731248006	6.28862860707	6.21198395412	6.31188855981	6.03190530579	6.20721144651
Tox3	9.27197218397	8.04548393439	10.0316082762	8.83808697549	9.74218231511	9.48413399014	9.00344225094	7.83140906762	9.18032790921	7.05794632966	8.29455889855	9.41682804512
Tmsb15a	6.71211319466	5.33769489518	6.00241497491	4.78943354084	6.47029643091	4.86998445248	5.53714216702	4.72411472367	5.61760379389	4.50930456172	6.06866049065	4.64557935461
Sh3bgrl	10.7177318878	9.89025387167	11.1552557359	10.7720824993	10.853411234	10.5277398498	10.7154275311	10.1250802876	10.6894675692	10.7158157247	10.2542740536	10.1550293931
Mrap2	9.64366386126	6.26768499173	10.1363142584	6.29552538824	9.63015596552	6.38594479157	9.09305806066	7.06062402623	5.66427420449	6.56311980101	6.2902522796	5.8661652058
Sfrp1	10.0121692457	6.22069445994	10.4515536872	5.90106154238	9.8811053838	5.776874536	9.92536527204	6.64067426408	6.67505334307	5.74270333888	6.77145110185	5.68789849249
Pdlim3	10.5631778071	4.84666948963	10.6436671389	5.24459897738	10.4477268041	5.34714551081	10.0425051884	6.1024077354	4.8420271815	5.23592898203	5.00292221637	4.977430367
Aldh1a3	9.67029902349	5.81784519892	10.8862751254	6.48768136808	9.6405708504	5.317299879	8.90149267157	6.78715934878	5.3761513673	6.95081831372	5.51829543999	5.83965095361
Crygd	3.78997904929	3.57291059739	3.79771633704	3.68204683851	4.04176827108	3.61732010533	3.78246932981	3.78474881842	3.63436430153	3.72648880196	3.55719926247	3.65711157837
Eya1	9.83013672734	5.21798538561	11.1297819874	5.53545027797	10.6208397323	5.30545622457	9.77692534851	6.4679770484	5.12457332011	5.84286622122	5.659751124	4.94080228667
Kif26a	7.37264357046	5.75201900012	8.02851124922	6.03922664957	7.27856389632	5.7899269799	6.74201690909	6.25708316842	5.62805219941	6.02465730928	5.65204476483	5.68390361418
L3mbtl4	8.46014519186	6.2704126086	9.51469134513	6.65134170384	9.17937029888	6.78169900614	8.1611077773	7.27532439955	6.27890356875	6.870811956	6.54886692704	6.37027635198
Col25a1	7.95943448657	5.74392914709	9.07788101208	5.6430316313	8.62354781415	7.17930510481	7.90565466977	5.60121810977	5.66015648166	5.69700395527	5.55879548534	6.91295029529
Atoh1	10.1856749241	4.79116544346	11.1745106101	4.98500866511	10.7272147568	4.82569153514	9.59496931591	4.81256432438	4.80910760159	4.7744029409	4.77690639053	4.59797720102
Filip1l	6.90497417331	5.23880872916	6.08087542637	5.83513938049	6.380729858	5.55708560476	6.08676909681	6.15210842888	5.2547707648	5.38911696469	5.56405832924	5.52191368653
Maff	6.1545381574	5.39640101658	6.60958696512	5.48955001884	6.27306374103	5.71835235686	5.95592938717	5.45393039608	5.3230421025	5.2755905853	5.30323121046	5.67126117729
Nhlh1	10.3446064197	8.11564582708	10.1306066627	8.24406366792	10.2300191493	9.21543420986	9.74145127385	8.23900796887	7.41603314631	6.6518251944	7.52207031852	9.10056313259
Srl	5.7732844514	4.27677940152	5.42194440704	4.45067452592	6.12058108568	5.15841324	5.14655165977	4.77612305567	4.33293041782	4.31488951904	4.3197489786	5.28749402684
A4galt	7.01443036551	5.15508360496	7.48050075392	5.07920692595	7.00946546028	5.412921198	6.80932745217	5.18631034107	5.15477054728	5.18098608596	5.23105761739	5.12136504841
Pou3f2	8.3107266082	5.55176953728	8.96192123939	6.099272067	8.72998478718	7.41024967567	8.16216668904	6.40655350062	5.47897086886	5.8576950489	5.52852433474	7.88611834376
Mical1	9.26458721163	6.74359810036	10.1809417148	7.1473999783	9.82502488068	8.40520069829	9.01778076836	7.43606624763	6.56021199845	6.89796018151	7.72324363772	7.65833653953
Flnc	7.9685130008	5.77516941678	8.65571930551	6.01855518208	8.54172488698	7.52818762171	8.15679824989	6.80461483797	5.80146370161	5.7779348321	6.07715989721	7.96167014869
Hsd11b2	7.49472636449	6.88118539816	9.54651280192	6.9585946693	8.65468835348	7.45918816138	8.03153170679	6.82942765118	5.66306235436	7.10968959654	6.19601965989	7.96580966063
Myo7a	6.82089151134	7.1250732078	8.71089088337	6.69502262068	8.25882856594	8.93293582557	7.42751712457	7.29785338223	6.42261018395	8.08418391776	5.97255387462	9.246175136
Dbi	7.84451484783	6.82643719352	8.56762031483	7.43209019622	8.61709072634	7.95939093752	8.12361286674	6.91106776852	6.90222376738	6.8655390396	6.88559564608	8.408317915
Ebf2	9.802530174	4.49700201026	6.81468412371	4.50859326057	7.07575145458	8.33986701219	7.03525970636	4.9860233583	4.57815854826	4.72040597518	4.55535910565	8.85466358416
Igfbpl1	10.6804151808	10.8742639912	11.4159968525	10.3201771158	11.3031338564	10.8163582283	10.433909373	9.3506701079	10.450765988	8.52169111249	10.6329471412	10.9863272477
Cdk6	10.8992862969	10.2958608088	11.2320429917	10.609996166	10.9708050836	10.9588612514	10.4286901177	10.1454647838	10.0421335342	10.4955016893	10.7171013206	11.6671231814
Thsd7a	9.74236700226	8.39376313676	9.18924054675	8.93380180211	8.85627163638	8.89794031629	8.64174803251	7.24510446167	7.41364016317	8.55112539931	8.43554165163	9.33502272263
Meis1	10.2484993455	7.52821844729	8.63201964796	7.74729141122	9.3165251666	8.54715841195	9.99346745981	8.01457906823	6.70867391064	9.17807467815	6.77485807702	10.0029932397
Klhl4	6.66977998494	4.10011418624	7.10315256195	4.739583516	7.01070608725	5.85133303695	7.55161686002	3.96692590465	3.89619842113	5.55801369306	4.09929942195	5.55987313527
Sipa1l2	8.90575162786	6.89823098863	7.8646424693	8.31749275922	7.89668604537	9.72768313195	8.56611598009	8.7083243902	6.37640811915	9.10561022409	6.65919110291	10.1003092194
